@inset|41.0,56.0,257.9,189.4
京都府|317.2,618.1 311.8,619.6 308.2,615.0 308.9,610.7 312.2,611.1 314.7,608.5 318.4,607.6 319.6,605.6 326.4,603.2 330.6,608.4 330.3,610.4 328.6,610.1 324.9,616.0 324.9,618.0 328.0,614.3 327.8,616.1 328.9,616.7 327.5,616.6 327.5,618.2 331.7,619.4 331.0,623.4 332.5,620.8 335.0,621.7 334.9,619.5 332.4,620.2 332.3,617.2 336.4,616.3 338.2,614.0 337.7,616.2 339.4,616.8 337.5,619.0 338.8,620.1 338.0,622.4 339.8,625.0 341.3,625.3 341.5,627.8 349.9,630.0 353.3,629.3 356.4,634.2 357.7,633.4 356.3,637.6 357.6,641.8 355.8,650.5 358.7,654.5 358.1,657.9 359.7,659.2 361.8,657.8 362.0,660.4 364.8,660.8 366.0,662.2 365.2,663.9 367.4,667.4 366.1,669.4 364.0,668.8 363.5,667.2 361.0,667.3 361.0,666.2 359.3,669.2 352.6,668.1 351.3,665.0 352.1,663.3 348.7,657.5 346.5,655.2 345.0,655.7 345.6,653.0 343.7,653.0 342.9,655.1 344.0,656.0 342.1,656.5 339.1,654.4 339.4,651.7 334.2,650.6 333.6,647.9 335.3,645.7 334.6,643.3 332.2,642.0 329.3,642.3 328.9,640.3 325.6,641.3 324.6,640.7 325.1,638.7 323.1,637.3 323.2,635.2 320.8,634.8 318.7,636.6 318.2,635.0 311.8,632.1 312.2,626.1 314.9,627.4 317.8,626.1 317.2,618.1
佐賀県|71.0,745.6 82.7,745.1 88.6,748.3 89.3,750.3 93.5,747.2 95.5,747.6 95.5,753.5 92.7,754.2 91.2,758.3 90.3,756.6 89.5,759.0 87.4,759.6 87.6,761.0 85.8,762.1 86.6,766.0 83.3,765.6 81.2,762.1 79.7,762.3 80.0,764.4 76.4,767.7 75.1,766.9 74.6,768.4 76.0,768.8 78.5,775.2 80.0,776.2 79.5,777.3 73.3,776.2 69.5,773.5 65.2,769.1 66.8,767.4 66.3,764.5 63.6,765.0 60.1,763.3 59.9,759.7 57.2,756.7 58.7,753.6 61.0,756.9 61.8,756.6 60.6,753.8 61.6,753.8 62.6,749.5 60.4,749.2 58.4,746.6 59.5,746.4 59.5,744.7 61.0,747.3 62.1,746.6 60.8,745.3 60.6,742.7 62.0,743.4 61.5,740.4 62.9,742.8 64.0,740.7 66.9,742.0 67.5,743.3 65.9,745.1 66.9,745.7 67.2,744.8 67.5,746.5 70.0,747.1 71.0,745.6
熊本県|123.8,763.3 126.2,765.9 126.9,769.5 131.3,776.1 130.4,777.2 130.9,781.3 134.5,784.9 131.4,785.3 129.9,790.4 127.2,792.4 127.0,794.8 125.4,794.6 124.1,796.7 123.6,800.3 120.8,800.1 119.2,802.7 119.3,809.2 121.6,811.2 122.0,814.3 123.8,816.1 122.2,819.0 120.8,818.7 120.4,820.9 123.3,823.9 123.7,826.4 119.0,825.6 117.0,828.8 113.6,828.1 111.3,830.2 106.4,830.4 103.6,829.8 98.8,824.8 95.6,827.9 92.5,827.7 91.4,829.3 89.0,828.9 86.8,825.2 87.8,825.5 87.4,823.8 88.9,821.8 90.7,821.7 90.1,820.0 93.2,818.0 92.0,816.2 94.0,814.5 93.2,813.8 97.3,809.5 97.1,807.0 95.8,805.8 97.3,804.9 95.6,803.4 100.3,799.1 99.4,798.2 101.3,798.5 101.6,797.4 91.7,798.9 91.7,797.3 99.0,792.3 98.2,789.2 99.3,787.4 97.8,784.4 94.8,783.8 94.8,782.0 90.9,779.9 89.4,774.5 94.0,774.4 93.6,771.4 96.9,769.2 97.6,767.5 101.5,767.8 102.5,764.1 103.1,765.3 105.1,765.1 112.8,769.3 117.8,773.2 119.5,769.2 117.2,766.0 117.9,763.3 123.8,763.3|86.5,811.3 86.3,810.3 85.3,811.7 81.9,811.0 80.6,812.6 81.1,811.2 79.5,809.7 78.6,812.4 79.9,812.1 80.1,813.7 79.1,816.2 77.6,817.2 77.7,815.4 76.9,815.6 75.9,818.0 77.2,818.0 73.6,820.6 73.9,822.2 73.1,821.3 72.9,823.2 71.3,824.0 70.5,823.1 70.2,824.7 68.6,824.2 69.6,821.7 68.5,821.5 69.0,820.7 67.5,821.3 68.7,818.8 70.3,817.7 70.6,819.4 70.5,817.9 71.5,817.6 72.1,819.2 72.5,817.8 70.3,816.8 68.8,817.4 67.9,816.0 71.3,806.2 70.0,803.3 71.2,804.7 74.9,802.5 78.2,802.5 78.9,808.7 83.3,806.5 84.7,804.4 87.9,804.0 88.4,805.5 91.7,803.6 88.9,812.0 86.6,813.1 86.5,811.3
香川県|282.5,678.2 284.1,678.3 283.1,679.3 283.9,680.2 282.8,686.2 281.9,684.7 279.8,685.4 281.7,684.6 280.8,683.3 277.6,687.4 277.4,683.3 273.1,684.0 273.9,682.5 275.0,682.9 273.8,681.8 274.6,680.3 275.3,681.1 282.5,678.2|272.8,703.6 272.2,705.6 268.6,705.7 266.0,708.4 264.8,708.4 263.1,705.8 257.9,706.9 257.3,708.4 255.2,708.1 252.4,711.6 250.3,712.2 246.3,710.2 248.1,708.5 248.8,701.0 244.3,696.8 247.5,698.4 250.0,697.7 250.1,699.3 253.2,696.7 252.9,695.8 254.9,695.2 254.4,694.4 255.2,695.1 255.4,693.8 255.9,694.8 257.7,693.0 257.2,691.2 259.1,690.9 258.0,692.9 260.5,691.9 261.0,689.3 262.6,688.9 266.2,691.3 269.1,691.5 269.6,690.6 269.5,691.5 269.9,690.6 270.0,691.5 270.6,689.2 272.2,690.7 272.8,688.3 274.1,689.2 274.3,692.8 275.5,692.5 275.1,691.2 276.6,691.3 276.5,690.2 277.6,692.1 278.4,691.3 279.2,692.2 278.3,694.0 279.1,695.5 283.0,697.3 284.7,696.8 287.8,700.1 286.8,703.2 283.4,701.5 280.8,702.5 278.9,701.6 274.7,702.0 272.8,703.6
愛知県|412.0,625.7 413.6,625.1 412.9,626.3 416.3,628.7 418.0,633.2 422.1,633.8 423.1,635.6 429.1,633.3 435.1,637.5 439.6,633.8 441.9,633.4 440.8,635.6 442.5,639.0 447.6,636.8 452.2,638.7 455.2,638.1 453.5,639.9 454.8,641.8 453.0,643.0 453.4,644.8 449.3,649.1 448.8,653.0 446.5,654.6 445.5,657.9 437.9,662.9 437.8,671.4 421.1,676.5 414.8,677.3 417.6,672.1 419.8,673.8 420.4,672.5 425.0,671.2 426.1,669.4 426.8,670.0 428.0,667.9 428.8,670.1 428.0,671.1 429.1,671.1 430.0,669.6 429.1,668.2 431.3,668.1 429.7,667.7 430.2,664.8 428.6,662.9 424.6,662.2 422.4,665.7 422.2,664.4 415.3,665.0 413.8,662.6 411.5,662.1 413.1,657.8 413.1,653.8 412.1,659.0 410.4,659.5 409.7,665.4 412.1,667.6 412.6,670.0 408.3,668.3 406.1,665.8 407.4,661.3 405.1,658.4 405.1,653.3 406.3,650.8 407.5,650.7 406.7,650.3 407.4,647.4 408.8,646.1 407.4,645.5 406.4,649.2 406.5,646.4 405.5,646.1 406.0,649.3 404.7,649.7 404.9,648.1 403.9,648.1 403.8,650.3 402.6,649.9 401.5,646.2 397.8,642.9 398.1,636.4 402.6,628.5 405.8,629.3 410.1,627.9 412.0,625.7
栃木県|559.9,518.4 568.5,521.3 571.3,523.9 571.8,526.4 574.0,526.3 574.3,542.4 576.2,545.6 572.6,547.2 574.6,557.6 573.1,558.5 570.9,565.0 568.2,564.0 566.7,565.2 565.0,564.7 564.0,566.4 560.4,566.2 560.0,567.9 557.5,568.8 557.3,571.0 555.8,569.6 554.3,570.4 553.0,574.8 548.3,577.1 545.9,577.1 543.6,573.9 544.2,573.1 538.4,572.0 535.4,572.8 530.7,566.9 531.2,563.9 533.9,560.9 533.1,558.7 534.1,555.7 536.3,553.6 535.4,552.1 532.1,552.4 528.8,550.9 529.1,546.9 530.8,543.6 529.9,541.8 532.5,538.4 529.7,537.0 535.1,529.7 538.9,529.0 550.7,522.2 553.0,522.6 552.7,520.6 555.2,518.8 559.9,518.4
山梨県|481.5,591.3 484.9,592.5 486.4,595.9 488.3,594.4 492.3,594.5 493.4,595.2 493.3,597.3 496.5,597.6 497.4,595.8 499.1,595.2 507.2,599.4 509.7,598.5 513.7,606.9 518.9,609.8 518.8,616.5 517.8,618.4 509.4,623.6 507.0,627.4 496.7,629.2 495.9,626.7 493.3,627.0 491.9,623.8 490.8,624.5 489.4,626.2 489.6,630.9 488.5,631.9 489.5,638.8 487.4,640.9 482.9,638.9 480.9,631.7 479.4,631.0 477.3,632.5 475.5,630.8 474.7,628.0 475.9,626.2 475.3,623.1 476.4,619.4 474.6,611.8 472.1,607.3 474.8,604.5 472.4,602.2 474.9,596.8 477.2,598.2 481.5,591.3
滋賀県|372.1,608.2 373.8,607.8 378.5,610.5 378.9,613.0 380.6,613.2 380.3,617.5 381.7,618.2 383.0,616.7 384.4,618.6 383.8,621.2 385.4,622.5 385.0,625.4 386.6,627.2 385.1,628.3 383.3,636.3 387.0,641.9 385.1,652.5 382.7,657.1 377.0,660.0 370.1,657.3 368.9,658.8 370.9,659.8 368.9,661.3 369.1,662.7 366.0,664.2 364.9,661.0 362.0,660.4 361.8,657.8 359.7,659.2 358.1,657.9 358.7,654.5 357.3,651.8 356.2,651.8 355.6,648.4 357.6,641.8 356.3,637.6 357.8,633.8 356.4,634.2 353.0,630.0 355.6,625.8 357.9,626.9 359.3,626.3 361.7,619.1 363.8,621.2 365.0,620.9 366.0,618.6 369.9,618.6 370.3,615.3 373.0,616.4 373.4,614.5 371.3,609.9 372.1,608.2
群馬県|495.0,564.2 492.4,563.4 487.4,564.8 483.0,562.7 484.3,552.8 486.5,549.9 489.1,549.4 488.5,547.0 498.3,544.0 499.0,542.4 502.1,543.6 503.9,542.0 503.7,539.2 509.0,538.2 508.7,535.1 511.5,534.6 510.8,529.2 514.8,528.6 516.9,526.7 517.3,524.2 521.0,527.9 521.4,530.1 523.7,530.3 524.4,532.2 525.6,531.5 531.9,533.4 529.7,537.0 532.5,538.4 529.9,541.8 530.8,543.6 528.6,550.5 532.1,552.4 535.4,552.1 536.3,553.6 533.3,558.2 533.9,560.9 532.7,561.3 530.3,565.9 535.4,572.8 538.4,572.0 540.2,573.1 543.1,572.7 545.5,576.5 543.3,578.1 541.5,576.6 535.0,577.8 530.2,573.9 528.4,575.4 518.9,572.1 515.6,577.5 514.6,581.6 510.4,581.9 509.8,583.6 505.9,584.8 504.0,587.3 500.4,587.4 498.3,590.5 494.3,587.8 495.0,582.2 491.7,579.2 494.6,578.8 492.8,572.4 495.4,570.9 495.0,564.2
宮城県|634.9,405.8 636.2,404.3 642.2,406.3 644.3,412.7 643.4,413.0 642.4,410.5 640.9,411.9 639.4,410.3 640.7,415.1 636.5,418.6 637.9,420.9 638.8,420.5 638.7,423.6 636.9,422.0 635.4,424.6 632.9,424.6 632.9,426.5 637.1,426.9 636.9,428.5 633.7,430.6 635.5,433.3 637.2,432.3 637.8,435.1 636.9,436.0 636.3,434.5 634.2,434.0 635.5,435.6 634.5,437.6 636.3,438.4 633.1,438.9 634.3,441.9 635.7,440.5 636.3,441.9 637.6,441.5 637.1,442.6 634.8,442.9 636.4,443.3 637.3,445.1 636.8,449.4 635.5,447.3 633.2,446.7 634.4,445.8 633.8,444.5 631.6,444.8 633.6,443.1 632.4,443.1 632.3,441.5 629.5,442.5 628.7,440.7 624.2,440.3 618.9,443.6 619.8,446.4 618.4,445.6 617.9,446.3 618.6,444.2 617.6,442.9 614.1,443.4 612.3,446.4 613.2,446.5 612.8,447.2 614.8,446.5 615.4,447.6 613.0,449.4 611.0,449.3 613.3,449.8 612.2,449.8 610.3,452.8 607.5,460.8 606.8,466.6 607.6,472.6 604.0,472.9 604.0,478.3 599.9,478.1 600.8,480.2 596.0,478.3 595.8,473.1 594.3,472.3 589.7,470.9 585.8,472.4 585.2,469.5 581.8,467.8 579.1,469.2 575.6,467.6 575.4,462.7 580.1,462.7 582.5,460.8 582.7,458.9 585.4,455.0 585.0,449.5 587.8,446.4 587.7,444.1 590.2,441.9 590.4,439.2 592.3,438.1 589.5,434.7 589.1,432.7 590.3,431.1 588.3,427.1 588.7,426.1 591.3,426.7 592.5,423.5 591.7,421.7 593.6,418.8 591.6,417.9 590.9,414.7 588.4,413.0 588.7,411.3 589.4,412.3 592.0,411.0 593.2,411.7 598.5,407.2 602.5,406.7 609.0,410.1 610.4,412.2 617.9,412.0 618.2,413.4 616.2,415.4 622.6,420.0 624.5,417.0 626.0,417.2 626.3,415.4 630.5,416.9 631.3,418.8 632.6,417.9 632.2,416.2 633.6,415.9 634.0,413.3 633.3,412.1 635.2,409.7 634.9,405.8
静岡県|474.0,611.5 476.4,619.4 475.3,623.1 475.9,626.2 474.7,628.0 475.5,630.8 477.3,632.5 479.4,631.0 480.9,631.7 482.9,638.9 484.9,640.3 487.4,640.9 489.5,638.8 488.5,631.9 489.6,630.9 489.5,625.9 491.9,623.8 493.3,627.0 495.9,626.7 496.7,629.2 508.4,626.5 512.6,626.6 513.4,630.9 511.3,636.7 513.9,642.0 518.0,642.5 515.9,647.7 517.4,648.4 517.2,652.8 519.6,654.0 519.8,655.2 519.4,658.0 516.6,660.4 514.8,665.6 512.4,667.1 511.2,670.3 511.9,672.4 510.4,672.6 509.9,671.4 504.8,675.9 501.5,673.5 502.1,671.6 499.6,670.4 499.6,668.1 501.4,666.6 500.3,662.4 501.4,660.1 500.5,658.4 502.1,656.9 500.8,653.6 501.6,650.2 502.1,649.4 507.0,650.2 507.9,648.3 504.0,644.6 497.0,642.3 497.6,643.0 490.6,645.0 487.6,649.3 488.0,652.1 488.1,650.3 489.5,650.4 488.6,652.3 480.8,656.5 478.0,665.4 474.4,668.1 473.0,671.6 472.8,673.6 474.4,676.3 466.3,672.4 458.4,671.8 453.3,673.2 450.6,671.8 437.8,671.4 437.9,662.9 445.5,657.9 446.5,654.6 448.8,653.0 449.3,649.1 453.4,644.8 453.0,643.0 454.8,641.8 453.5,639.9 454.7,638.2 456.9,637.8 457.4,635.9 459.8,634.2 464.1,632.7 466.0,630.0 467.5,630.4 470.2,628.4 470.7,626.7 469.1,623.6 471.1,622.3 470.2,617.0 471.2,615.4 472.6,615.6 474.0,611.5
茨城県|589.7,531.7 590.6,531.2 592.1,533.8 600.2,536.1 601.5,538.3 599.7,539.0 598.5,541.4 597.0,548.7 591.9,559.5 592.6,566.0 589.6,570.8 589.3,573.8 591.8,584.2 596.3,593.4 594.4,594.0 595.0,595.9 595.8,596.8 595.1,595.0 596.6,594.2 603.5,605.6 598.5,603.0 596.5,599.6 592.9,598.3 586.9,592.1 585.8,594.0 586.5,595.4 584.3,594.1 579.8,595.7 577.4,597.9 575.6,597.3 569.0,599.1 567.8,597.4 565.2,597.1 558.8,593.2 558.5,591.5 556.0,590.2 551.2,583.1 550.4,584.6 548.4,584.1 546.5,578.9 546.5,576.8 548.3,577.1 553.0,574.8 554.3,570.4 555.8,569.6 557.3,571.0 557.5,568.8 560.0,567.9 560.4,566.2 564.0,566.4 565.0,564.7 566.7,565.2 568.2,564.0 571.2,564.6 573.1,558.5 574.6,557.6 572.6,547.2 576.2,545.6 574.4,542.9 574.2,532.3 576.4,532.2 577.8,534.5 579.9,535.2 580.3,537.9 583.4,538.9 584.6,540.7 588.3,536.6 590.9,535.7 589.7,531.7
沖縄県|276.4,79.5 276.3,77.8 280.2,74.6 281.9,70.0 283.8,71.6 284.9,77.3 282.3,82.4 280.4,84.9 276.2,84.9 276.3,86.9 274.9,86.6 276.2,88.7 275.6,89.6 273.5,90.8 270.4,89.6 271.4,91.7 268.7,92.3 268.9,93.8 266.4,94.6 266.3,96.8 262.4,95.6 260.5,97.2 263.2,102.6 264.8,103.4 264.9,105.5 262.2,102.5 260.9,103.3 261.3,104.3 259.5,105.4 258.4,109.8 256.9,111.1 257.8,113.1 260.0,111.9 260.5,113.4 255.3,118.1 252.0,118.8 252.5,115.5 251.5,114.8 252.5,114.4 251.4,114.4 250.9,111.5 251.6,110.4 252.7,111.0 252.5,108.6 257.0,104.7 254.6,96.6 255.8,97.7 257.5,96.3 258.8,96.8 261.2,94.1 261.1,92.7 264.8,91.8 267.9,88.4 266.1,86.7 263.6,86.4 262.9,80.0 269.0,81.3 267.9,83.7 270.0,85.1 274.3,82.6 275.1,83.2 273.8,81.9 276.4,79.5|206.1,102.4 205.3,101.0 208.6,99.7 210.9,102.5 210.2,105.8 207.7,102.7 206.1,102.4|136.1,203.2 133.4,200.5 133.9,199.8 134.9,200.8 133.6,198.1 135.6,195.0 133.5,191.0 135.7,193.0 137.4,197.8 142.2,200.2 144.1,202.8 139.2,202.2 136.1,203.2|80.3,226.9 77.1,224.7 78.7,221.8 77.4,220.5 75.8,221.6 75.4,219.3 77.5,219.7 77.3,217.5 78.7,218.6 78.5,220.0 82.5,219.2 82.9,216.5 84.3,215.2 85.4,216.0 87.0,209.7 88.3,209.9 84.0,218.4 83.9,225.1 83.3,225.9 81.4,225.5 80.3,226.9|65.5,231.4 58.0,228.7 57.9,230.0 56.0,229.7 55.0,228.2 56.3,228.0 56.2,226.7 57.4,227.8 57.1,225.6 59.5,227.9 59.1,222.9 60.4,220.2 62.7,223.0 65.5,222.3 68.7,224.7 67.0,230.2 65.9,229.9 65.5,231.4
山形県|555.3,397.2 561.5,398.0 564.8,396.2 564.8,398.7 569.2,401.4 571.4,400.7 571.7,402.3 576.9,403.6 578.0,402.3 579.6,402.9 580.3,404.8 583.7,405.7 584.5,409.4 586.5,411.0 588.2,410.6 588.4,413.0 590.9,414.7 591.6,417.9 593.6,418.8 591.7,421.7 592.5,423.5 591.3,426.7 588.7,426.1 588.3,427.1 590.3,431.1 589.1,432.7 589.5,434.7 592.3,438.1 590.4,439.2 590.2,441.9 587.7,444.1 587.8,446.4 585.0,449.5 585.4,455.0 582.2,461.3 580.1,462.7 575.4,462.7 576.0,465.7 574.7,476.3 576.5,478.0 573.4,481.8 570.0,481.2 567.5,482.6 564.2,479.8 561.4,481.1 558.7,476.8 556.1,477.9 554.8,476.9 552.4,478.3 551.1,476.6 549.1,477.2 547.8,475.2 546.0,475.6 543.5,472.7 544.8,464.1 546.6,462.7 545.6,461.4 546.9,453.7 551.2,454.3 554.9,451.9 556.8,448.1 554.3,445.0 549.6,444.0 547.3,442.0 548.1,435.5 542.0,433.9 539.1,431.7 542.8,424.6 550.0,416.8 552.5,407.9 553.6,407.2 552.8,406.9 555.4,400.3 555.3,397.2
和歌山県|341.5,691.3 347.5,689.3 348.6,695.6 350.3,696.2 351.3,698.5 350.3,700.1 347.3,699.4 346.1,703.1 342.3,706.9 342.0,708.3 346.7,713.5 346.8,716.0 345.8,715.8 345.0,718.6 346.1,719.2 345.9,720.8 349.2,718.9 352.7,720.0 355.2,718.7 357.2,719.4 357.6,724.2 361.8,729.3 365.2,730.0 363.4,732.8 363.7,734.6 361.5,735.1 362.3,736.4 361.0,737.3 362.8,737.9 362.6,738.8 354.7,743.8 353.9,745.9 354.7,747.2 353.0,747.9 352.4,746.8 353.6,745.9 352.8,744.8 350.3,745.1 346.5,743.3 344.6,743.9 339.4,740.7 337.4,740.8 334.7,738.2 334.8,735.2 331.7,733.3 331.9,731.8 334.0,732.5 335.1,730.2 332.9,729.8 330.7,727.2 327.0,726.4 322.5,720.1 318.2,720.4 318.3,719.0 319.5,718.4 318.8,717.2 321.1,715.4 319.4,715.7 318.7,714.4 324.0,711.0 322.1,709.0 319.3,708.4 321.1,705.5 322.5,706.1 321.5,704.6 325.7,703.6 324.5,703.8 324.3,701.4 322.4,701.4 322.2,699.0 320.3,698.4 321.7,698.9 321.3,697.9 318.4,696.7 319.0,694.2 320.5,693.8 320.9,696.2 323.0,696.0 325.5,695.1 325.6,693.9 329.3,693.3 329.9,694.5 332.1,692.3 335.0,692.5 339.3,690.6 340.2,692.2 341.5,691.3
長崎県|38.7,686.8 37.7,686.2 38.5,687.5 37.1,689.1 39.4,687.5 38.1,690.1 39.2,690.6 37.8,691.7 39.2,692.3 37.8,692.0 38.4,693.7 37.7,693.2 37.1,694.7 36.2,693.3 37.2,693.2 37.3,689.8 35.7,690.1 35.0,692.2 35.1,689.0 33.7,689.3 34.0,692.0 31.0,690.6 33.4,689.9 33.3,685.8 34.2,686.2 35.2,684.2 33.7,685.3 33.3,684.1 34.9,680.5 35.3,681.2 35.5,679.8 36.7,680.0 34.8,677.9 33.9,678.4 35.6,672.9 39.3,673.5 38.7,672.9 39.8,671.2 41.1,671.4 40.3,670.2 41.9,669.3 44.3,671.8 42.7,672.6 44.0,673.1 43.4,674.8 41.8,674.0 42.2,675.2 41.1,674.8 43.3,676.2 43.1,678.6 38.0,685.0 38.7,686.8|30.3,707.8 30.3,706.0 28.0,706.6 29.4,693.7 30.6,692.5 30.7,694.8 33.6,694.1 34.1,695.9 32.9,692.7 35.0,694.0 34.8,695.8 36.5,694.5 37.2,695.8 35.4,696.8 35.8,699.0 34.0,700.6 33.7,704.9 31.1,706.1 30.3,707.8|55.1,731.2 53.2,729.7 53.8,728.6 53.0,727.8 52.2,729.1 51.5,727.3 53.6,727.8 51.8,724.9 53.8,725.0 52.9,723.0 54.4,721.4 57.8,722.6 56.5,724.8 59.1,726.0 57.1,726.8 59.1,727.6 58.6,728.9 55.9,729.1 55.1,731.2|38.3,764.2 36.9,763.4 37.3,761.9 39.5,763.5 38.6,760.7 41.2,760.0 39.7,758.3 41.8,756.7 41.3,753.2 44.4,752.7 44.9,751.1 45.6,752.7 45.6,751.2 46.9,751.2 45.3,750.0 47.1,749.4 47.8,752.5 46.6,754.2 45.1,754.2 46.0,755.4 43.7,757.1 44.5,758.6 41.2,762.8 38.3,764.2|51.0,752.3 52.9,750.0 53.2,752.9 58.7,751.8 57.2,756.7 59.9,759.7 60.1,763.3 63.6,765.0 66.3,764.5 66.8,767.4 65.2,769.1 72.1,775.5 79.0,777.2 78.1,779.9 74.5,781.7 73.6,783.2 74.9,782.4 75.4,784.4 78.2,784.5 81.0,782.3 83.5,782.1 85.8,783.5 87.7,788.3 86.0,794.9 81.8,796.1 80.5,798.5 78.3,798.6 77.4,799.9 77.3,798.0 75.5,796.9 75.3,793.8 76.0,794.5 77.5,793.6 79.3,789.9 77.9,787.3 73.2,787.3 70.2,789.5 66.6,789.4 66.9,790.6 64.8,792.4 63.8,795.6 61.0,796.9 58.3,801.0 56.2,801.2 60.0,795.9 60.2,794.1 58.9,793.5 60.6,792.7 61.0,793.8 62.7,790.0 61.5,791.9 60.1,791.9 60.6,790.4 59.5,790.4 59.3,788.4 57.5,787.0 58.0,785.8 56.6,785.6 56.1,786.6 54.4,785.1 51.9,778.9 51.0,779.2 50.7,775.9 52.4,774.6 51.7,772.4 53.2,770.8 52.3,770.3 53.1,768.6 55.7,770.0 55.6,771.8 57.3,771.6 55.9,773.6 56.2,775.3 57.5,774.7 57.4,773.3 60.2,775.6 59.6,779.8 58.5,777.8 58.4,780.3 59.7,781.1 58.6,782.8 61.5,785.1 63.2,781.9 68.0,784.7 69.5,784.1 65.6,779.4 65.5,776.6 66.6,775.5 65.2,772.5 62.8,770.6 60.2,772.3 61.0,770.9 59.2,770.6 58.9,769.5 57.5,769.8 57.7,768.4 57.1,769.6 58.3,770.8 57.5,771.5 55.7,768.5 56.9,768.4 56.4,767.1 57.2,767.6 57.5,765.8 58.5,765.8 57.0,765.5 55.8,767.0 55.6,764.7 54.3,764.6 54.8,767.5 52.8,767.3 52.6,768.4 52.2,766.5 54.2,765.8 53.0,764.3 51.1,764.3 52.2,763.2 51.2,760.7 50.7,763.0 50.4,761.3 49.4,762.0 50.1,760.8 49.1,761.7 47.1,761.3 48.5,756.8 50.4,755.5 48.6,755.8 47.5,754.6 47.8,751.4 51.0,752.3|22.7,785.9 21.8,782.4 22.7,781.5 21.7,780.3 23.1,780.5 21.1,779.6 21.5,777.8 20.9,778.8 19.4,778.0 20.4,776.1 21.2,777.1 22.1,776.1 22.2,777.3 23.0,775.8 22.0,775.5 21.9,772.8 23.0,771.9 23.2,773.4 24.1,773.1 23.5,771.2 25.0,769.3 24.4,767.2 25.4,764.5 25.4,770.8 23.9,775.5 27.9,774.1 28.8,776.2 26.6,778.5 24.8,777.0 25.1,779.2 23.9,779.2 23.8,781.0 24.7,783.3 23.1,783.1 22.7,785.9|8.6,800.9 6.9,799.0 3.4,798.8 2.7,799.9 0.0,798.4 0.6,796.4 0.8,798.2 1.4,797.6 2.3,799.1 3.4,797.5 2.1,798.1 1.9,797.2 3.8,794.9 2.4,793.3 3.2,793.1 2.1,789.4 3.2,787.9 4.8,789.0 4.6,790.7 6.8,789.6 6.9,790.8 7.8,788.9 8.6,791.0 9.8,789.7 8.2,789.4 10.3,787.1 11.2,789.4 10.1,789.9 11.6,789.4 11.2,790.6 12.6,790.4 11.9,792.3 14.5,796.7 11.0,797.1 10.4,795.9 8.4,796.6 8.0,798.1 9.6,799.7 8.6,800.9
秋田県|605.1,311.3 604.2,315.6 605.7,316.7 610.3,316.4 610.8,321.0 609.2,321.4 608.2,328.7 606.4,329.1 604.1,332.1 605.3,333.0 605.2,335.8 603.4,338.3 603.5,344.4 605.0,350.5 603.8,351.0 602.5,349.8 600.3,351.1 600.5,353.7 603.5,355.4 599.9,359.2 602.3,362.0 602.2,364.4 601.0,367.3 597.8,369.6 597.4,374.8 595.4,376.3 594.0,380.4 596.4,383.3 595.9,385.8 597.1,386.2 597.1,387.7 600.6,389.8 599.5,392.3 601.6,393.5 598.7,395.9 599.7,396.8 598.8,399.2 601.3,399.7 601.7,401.0 599.4,404.5 599.9,407.1 594.0,411.3 589.4,412.3 588.2,410.6 586.5,411.0 584.5,409.4 583.0,405.0 580.3,404.8 579.6,402.9 578.0,402.3 577.1,403.6 571.7,402.3 571.4,400.7 569.2,401.4 564.8,398.7 564.8,396.2 561.5,398.0 555.3,397.2 556.9,394.0 557.7,387.4 560.8,385.2 563.0,378.6 564.8,367.0 564.2,356.8 561.6,351.6 557.9,348.9 554.8,349.2 554.4,351.2 549.7,351.6 547.3,347.2 548.0,345.7 546.6,343.1 547.0,342.4 548.1,343.9 552.6,345.3 556.3,342.6 559.4,337.5 561.1,330.4 562.5,329.3 563.0,321.9 562.3,319.7 558.6,316.4 561.6,316.0 562.7,316.9 562.8,315.2 565.1,313.9 567.1,315.9 578.3,315.7 580.9,312.7 583.3,313.2 583.5,315.0 587.8,316.2 588.4,317.9 589.7,318.2 589.1,316.8 590.8,315.9 593.6,317.9 596.2,316.3 597.9,317.1 598.0,315.6 601.4,315.1 602.3,312.2 605.1,311.3
岡山県|266.9,629.6 266.7,632.3 270.9,632.4 273.0,634.0 274.6,640.8 279.0,638.3 282.0,638.8 285.8,636.0 284.9,638.4 286.4,639.8 286.3,642.1 284.2,642.3 283.3,645.7 281.8,646.1 281.7,648.6 279.3,649.9 280.2,651.5 278.6,654.6 280.7,657.0 278.6,660.4 281.7,663.5 282.6,665.5 282.0,668.4 279.7,667.6 278.1,668.8 275.3,667.1 276.7,668.8 275.9,669.2 278.2,669.7 274.5,672.7 275.4,674.0 274.5,675.1 273.4,674.9 272.1,676.6 269.1,676.8 269.3,675.4 265.9,675.1 263.5,676.0 264.2,676.9 267.8,676.1 268.4,677.4 266.2,679.3 266.3,681.3 265.0,680.0 264.2,680.6 262.9,685.1 258.0,683.7 256.7,684.6 257.4,686.4 255.7,686.1 253.3,680.6 252.3,682.3 253.5,683.9 251.5,683.5 250.9,679.6 250.6,681.7 249.4,680.8 246.1,682.6 246.1,684.0 243.5,684.5 240.8,681.2 242.8,684.9 240.2,685.7 241.0,684.6 239.3,684.6 238.9,683.3 238.8,678.7 235.8,674.6 236.7,671.5 234.5,667.7 235.5,663.3 231.5,658.1 232.7,650.9 230.0,648.1 231.1,645.3 236.7,644.2 237.0,639.8 238.9,640.6 241.6,639.4 242.8,640.0 241.8,637.1 244.4,636.1 246.2,630.0 253.6,631.6 256.2,633.1 257.8,635.9 259.4,633.2 262.5,632.3 262.8,630.7 266.9,629.6
福岡県|102.2,718.0 103.5,716.7 105.9,717.7 107.0,716.2 106.1,717.7 108.8,717.2 109.2,718.9 105.6,720.7 108.6,719.6 108.4,720.7 109.6,717.9 111.3,717.3 110.9,718.2 111.9,718.0 110.8,718.8 112.0,718.2 111.6,719.4 112.8,719.0 113.0,719.9 114.9,718.7 116.5,715.3 119.3,715.2 119.1,717.9 117.7,719.1 118.5,719.6 117.4,721.1 118.0,722.1 116.2,723.4 116.7,724.7 118.3,724.3 117.5,726.2 118.2,725.5 117.9,726.9 118.9,726.7 118.5,728.4 122.9,736.2 127.4,736.6 127.0,743.3 119.8,742.6 117.1,743.4 113.2,747.1 112.7,751.2 110.2,753.4 111.8,758.1 109.9,758.7 109.7,760.0 111.3,760.5 110.3,761.6 112.8,763.1 111.1,767.9 107.1,766.9 105.1,765.1 103.1,765.3 102.5,764.1 101.5,767.8 97.6,767.5 96.9,769.2 93.6,771.4 94.0,774.4 88.6,774.6 89.8,773.9 90.0,771.4 87.5,766.0 86.6,766.0 85.8,762.1 87.6,761.0 88.3,758.6 89.5,759.0 90.3,756.6 91.2,758.3 92.7,754.2 95.5,753.5 95.5,747.6 93.5,747.2 89.3,750.3 88.6,748.3 82.7,745.1 71.3,745.8 71.3,744.0 75.1,743.2 76.6,741.5 77.1,740.0 74.8,740.9 75.6,739.6 73.9,739.8 73.4,738.6 76.3,737.9 76.8,735.9 78.9,735.1 79.4,733.5 80.7,734.6 80.5,736.6 82.5,736.9 82.5,738.7 88.7,737.6 90.2,732.2 86.6,734.9 83.6,733.7 83.3,732.3 84.9,733.9 88.6,732.4 92.1,728.2 90.9,724.4 92.4,724.1 92.6,721.7 94.5,721.6 94.9,719.8 100.4,720.0 102.2,718.0
岐阜県|416.8,566.6 418.6,565.9 421.9,561.4 423.4,561.5 424.1,563.2 426.1,561.1 429.2,560.9 429.4,563.3 433.2,561.2 433.9,563.3 436.7,564.1 439.2,563.4 445.8,568.5 445.8,571.7 442.2,576.0 443.3,579.0 441.3,580.9 441.1,582.8 444.2,584.9 443.2,588.7 440.7,590.6 437.4,596.1 435.2,595.4 432.7,596.2 430.0,600.9 436.6,604.3 438.5,608.9 440.3,610.2 439.3,613.8 442.1,615.3 442.3,617.7 445.1,619.8 445.1,622.3 443.2,623.7 445.2,626.5 442.3,626.6 443.7,630.5 441.4,632.1 441.6,633.7 439.6,633.8 435.1,637.5 429.1,633.3 423.8,635.7 422.1,633.8 418.0,633.2 416.3,628.7 412.9,626.3 413.6,625.1 410.1,627.9 405.8,629.3 402.6,628.5 398.1,636.4 397.7,643.0 396.5,641.0 396.5,642.3 395.0,642.0 391.0,635.4 386.5,637.9 383.3,636.3 385.1,628.3 386.6,627.2 385.0,625.4 385.4,622.5 383.8,621.2 384.4,618.6 383.0,616.7 381.7,618.2 380.3,617.5 380.6,613.2 378.9,613.0 378.3,610.9 380.6,607.0 380.9,603.4 383.3,602.2 388.6,603.4 389.6,605.0 390.5,602.6 392.8,603.3 396.5,601.5 397.2,602.9 400.3,601.4 403.6,601.9 404.2,599.2 405.7,598.3 405.2,596.0 403.3,594.2 403.7,592.8 401.6,592.0 401.7,590.2 400.5,589.8 400.8,586.5 402.3,585.4 402.4,579.6 404.0,578.9 406.6,574.2 403.7,571.1 405.7,570.7 405.9,568.1 407.6,566.9 407.8,568.4 409.4,567.3 411.3,568.2 412.7,572.6 416.5,569.2 416.8,566.6
青森県|600.1,268.1 603.0,255.5 606.5,250.6 606.7,247.4 611.2,251.1 616.6,252.5 620.5,257.2 624.1,259.1 629.3,258.3 633.9,254.6 630.3,270.6 630.1,285.4 631.5,296.3 635.0,308.4 637.4,310.3 639.4,309.3 644.7,315.0 639.9,317.7 638.8,320.5 637.5,321.4 632.9,319.6 628.3,322.4 626.7,319.8 621.6,323.4 617.9,324.2 616.0,325.4 616.2,327.0 611.3,329.3 608.4,326.9 609.2,321.4 610.8,321.0 610.3,316.4 605.7,316.7 604.2,315.6 605.1,311.3 602.3,312.2 601.4,315.1 598.0,315.6 597.9,317.1 596.2,316.3 593.6,317.9 590.8,315.9 589.1,316.8 589.7,318.2 588.4,317.9 587.8,316.2 583.5,315.0 583.3,313.2 580.9,312.7 578.3,315.7 567.1,315.9 565.1,313.9 562.8,315.2 562.7,316.9 561.6,316.0 558.6,316.4 558.9,308.9 557.7,306.6 555.4,306.8 554.9,304.9 557.0,302.9 558.2,303.1 561.7,296.8 564.3,295.4 567.8,297.0 574.1,293.3 576.6,286.2 577.7,278.3 577.5,275.3 574.0,272.8 576.6,273.0 577.5,272.1 578.5,265.1 584.7,269.8 588.8,267.0 592.8,269.2 594.3,284.3 595.6,289.2 597.9,291.5 600.9,291.2 604.1,288.0 604.7,284.5 603.1,284.0 604.2,283.7 605.1,280.5 608.5,281.5 610.2,283.5 609.8,285.2 614.2,286.4 616.2,289.0 619.1,287.9 621.9,282.9 623.2,274.6 624.7,271.6 622.0,265.5 619.1,263.8 618.1,266.6 613.8,269.8 610.1,268.8 608.4,270.3 603.7,271.2 601.8,273.2 599.5,272.1 600.1,268.1
大阪府|333.7,648.5 334.2,650.6 339.6,651.9 339.1,654.4 342.1,656.5 344.0,656.0 342.9,655.1 343.7,653.0 345.6,653.0 345.0,655.7 347.1,655.6 352.1,663.3 350.4,664.7 347.5,675.4 349.0,676.9 347.5,679.3 348.8,680.6 348.9,687.8 340.4,692.2 339.3,690.6 335.0,692.5 332.1,692.3 329.9,694.5 329.3,693.3 325.6,693.9 324.5,695.7 320.9,696.2 320.0,693.5 326.2,691.7 333.9,683.7 334.1,680.1 334.6,681.8 336.7,680.1 337.4,678.6 335.6,678.3 335.2,675.9 336.2,677.8 336.4,676.6 337.7,678.1 338.4,676.9 336.4,676.3 337.4,676.0 336.3,674.8 337.4,675.0 337.6,673.1 335.8,672.7 336.3,670.2 335.3,670.2 338.1,667.7 335.9,662.4 337.3,657.5 336.0,656.9 338.4,655.6 332.4,653.4 332.9,649.8 331.7,649.1 333.7,648.5
長野県|489.1,526.0 491.1,526.6 492.1,528.7 492.3,533.2 497.3,536.7 497.5,539.7 496.2,541.7 497.5,544.0 493.3,546.0 490.0,546.1 488.5,547.0 489.1,549.4 485.8,550.5 483.1,557.4 483.0,562.7 485.9,564.6 489.5,564.7 492.4,563.4 495.1,564.4 495.4,570.9 492.8,572.4 494.6,578.8 491.7,579.2 495.0,582.2 494.3,587.8 498.3,590.5 499.6,593.4 499.1,595.2 497.4,595.8 496.5,597.6 493.9,597.6 492.3,594.5 488.3,594.4 487.4,596.0 485.6,595.7 485.3,592.9 481.5,591.3 477.2,598.2 474.9,596.8 472.4,602.2 474.8,604.5 472.1,607.3 474.0,611.5 472.6,615.6 471.2,615.4 470.2,617.0 471.1,622.3 469.1,623.6 470.7,626.7 470.2,628.4 458.1,635.3 456.9,637.8 452.2,638.7 447.6,636.8 442.5,639.0 440.8,635.6 442.0,633.8 441.4,632.1 443.7,630.5 442.3,626.6 445.2,626.5 443.2,623.7 445.1,622.3 445.1,619.8 442.3,617.7 442.1,615.3 439.3,613.8 440.8,611.2 438.5,608.9 436.6,604.3 430.0,600.9 432.7,596.2 435.2,595.4 437.4,596.1 440.7,590.6 443.2,588.7 444.2,584.9 441.1,582.8 441.3,580.9 443.3,579.0 442.2,576.0 446.1,570.8 445.8,568.5 442.9,566.6 442.9,565.5 445.2,563.3 446.9,558.1 448.7,557.6 447.9,554.8 450.9,553.2 451.0,543.1 457.1,536.1 456.8,533.1 463.9,533.8 464.8,535.4 463.4,538.6 465.8,540.2 468.9,537.1 471.4,537.4 473.7,535.9 477.5,537.3 477.9,533.2 480.1,532.8 482.7,528.0 489.1,526.0
大分県|145.1,732.9 146.7,733.0 147.2,731.9 149.1,733.3 149.6,732.6 152.4,735.1 154.8,740.0 154.7,746.0 153.0,749.5 149.3,748.7 150.3,750.9 147.7,751.7 147.5,753.2 144.8,751.9 142.9,752.4 143.5,758.0 147.3,759.5 152.4,757.4 155.7,759.8 155.5,759.1 161.3,759.3 162.8,758.1 157.7,766.8 160.0,767.5 162.7,766.3 163.4,766.9 160.3,769.1 160.9,770.0 163.2,769.6 163.3,770.5 164.7,768.7 164.8,770.3 166.3,770.8 167.7,768.7 168.4,771.0 164.1,771.4 162.2,775.1 165.6,778.0 165.6,777.1 166.7,778.4 167.7,777.2 167.8,778.8 169.2,777.5 171.8,778.8 169.0,778.6 168.0,780.4 166.5,779.4 166.9,781.5 168.3,781.4 164.8,784.8 165.8,785.8 166.8,784.1 168.0,785.2 166.2,787.5 165.4,786.5 164.5,787.9 163.7,786.9 162.8,787.9 162.2,786.7 162.5,789.1 161.4,787.5 161.3,790.6 159.9,790.3 160.6,785.6 156.2,784.6 154.7,784.9 153.2,788.7 147.5,788.5 146.3,789.8 143.6,788.9 143.8,786.9 141.7,784.7 136.0,786.7 131.3,782.1 130.4,777.2 131.3,776.1 126.9,769.5 126.2,765.9 123.2,763.0 117.9,763.3 117.2,766.0 119.5,769.2 117.8,773.2 110.4,768.4 112.8,763.1 110.3,761.6 111.3,760.5 109.7,760.0 109.9,758.7 111.8,758.1 110.2,753.4 112.7,751.2 113.2,747.1 114.7,746.4 114.7,745.1 119.8,742.6 127.0,743.3 127.4,736.6 130.4,736.9 132.6,738.9 139.5,739.2 139.2,738.1 141.4,736.9 142.9,733.3 145.1,732.9
三重県|390.7,635.4 395.0,642.0 396.5,642.3 396.5,641.0 401.5,646.2 402.7,649.7 401.6,649.0 396.8,651.7 395.9,654.3 397.5,655.1 396.6,655.3 395.5,659.3 391.0,666.5 390.5,671.0 392.1,671.5 390.7,675.3 396.4,676.5 397.4,678.4 404.6,681.6 404.9,683.0 405.6,681.7 406.5,683.8 407.9,683.7 407.8,686.5 408.9,685.0 410.2,685.5 409.6,689.8 408.4,688.8 406.9,690.5 404.8,690.3 405.3,691.2 407.3,690.5 407.3,691.8 409.4,690.4 407.9,692.2 409.0,695.9 406.4,697.7 402.4,696.9 401.7,696.3 402.6,695.8 407.0,696.6 407.0,695.7 405.6,696.0 405.8,695.0 407.4,695.3 405.4,694.4 406.5,693.6 404.3,693.9 404.4,692.7 403.7,693.9 404.6,694.6 403.7,695.2 402.2,693.5 402.3,694.9 400.3,694.2 398.7,695.4 398.9,693.3 400.5,691.8 398.8,691.5 398.3,693.0 398.7,691.7 397.2,691.6 397.8,692.9 396.1,693.9 398.0,693.4 394.5,697.0 392.9,696.0 393.8,694.8 391.7,695.6 391.7,697.5 391.3,695.8 390.6,696.9 389.5,695.8 390.2,698.2 389.4,697.0 388.6,698.2 389.7,698.8 388.4,699.4 387.7,697.1 386.4,697.7 386.9,699.4 384.3,700.4 383.6,699.6 382.5,701.3 382.1,699.9 380.5,700.9 381.0,701.8 378.4,703.0 378.7,705.7 380.2,705.9 379.3,707.6 377.0,707.1 377.9,705.0 375.9,706.8 376.3,707.6 374.6,708.2 377.1,709.1 376.7,710.5 378.6,711.7 376.6,712.0 378.1,712.6 378.1,714.6 376.4,714.8 377.1,713.9 375.1,713.0 374.1,714.7 375.6,714.6 376.1,716.2 373.6,716.8 374.5,717.9 373.5,718.3 371.9,717.4 372.0,719.3 371.1,720.0 370.5,719.2 367.9,722.8 365.2,730.0 363.9,729.2 363.0,730.0 357.6,724.2 357.4,721.5 357.8,720.6 358.4,721.6 359.5,721.0 358.7,718.6 359.4,717.9 361.4,718.1 361.1,716.6 363.1,717.3 363.5,715.0 365.2,715.0 364.4,712.9 365.6,710.7 369.8,711.4 369.3,707.8 370.5,707.9 369.6,705.6 370.3,703.1 369.3,700.9 371.1,697.4 369.4,694.4 371.1,693.4 368.1,688.7 369.4,686.1 374.8,685.3 376.0,682.5 375.3,680.4 372.9,680.9 372.4,678.5 370.3,679.3 367.1,677.2 368.3,673.7 366.7,672.0 367.8,672.7 368.9,671.2 365.7,664.3 369.1,662.7 368.9,661.3 370.9,659.8 368.9,658.8 370.1,657.3 377.0,660.0 382.7,657.1 386.4,647.2 387.1,641.3 384.8,639.7 385.1,637.8 389.7,636.7 390.7,635.4
広島県|209.9,645.5 211.6,644.8 214.4,646.6 216.4,645.0 218.5,647.0 222.4,646.0 223.9,647.2 229.2,646.4 232.7,650.9 231.4,657.2 235.5,663.3 234.5,667.7 236.7,671.5 235.8,674.6 239.2,679.9 238.8,685.4 237.0,683.4 238.1,686.8 236.8,686.1 235.8,689.4 234.0,690.4 230.7,688.2 228.9,688.8 230.3,687.4 229.3,685.7 228.4,687.6 222.9,689.3 221.0,688.5 220.8,691.6 218.8,692.5 212.6,692.2 209.3,694.9 207.7,693.4 206.3,695.9 204.7,695.5 205.1,698.1 202.2,698.3 201.3,699.9 200.2,699.5 199.2,700.5 197.0,698.7 194.1,701.0 193.8,699.3 195.0,698.0 192.9,697.1 191.8,692.2 193.3,690.6 190.2,690.5 189.8,691.5 185.4,690.7 179.1,697.1 178.5,698.5 179.7,699.9 177.3,700.3 177.7,698.8 174.7,698.4 173.9,692.4 171.0,691.0 171.6,685.7 169.4,682.0 173.8,677.0 173.3,675.1 175.6,670.8 174.0,669.3 178.5,666.7 179.5,663.2 182.3,665.0 183.2,663.5 185.9,663.5 187.1,664.9 189.0,662.3 190.0,663.5 194.1,663.9 197.9,660.9 202.0,660.9 202.1,658.5 198.8,657.1 201.3,654.3 204.4,653.8 209.9,645.5|188.7,705.0 190.1,702.1 189.2,700.9 188.7,702.3 185.9,697.0 188.4,697.1 190.9,700.1 190.7,697.7 188.9,697.3 189.0,695.3 191.2,694.7 192.1,696.4 190.8,701.8 191.7,704.2 188.7,705.0|194.7,708.1 193.9,706.6 190.3,707.9 189.7,707.2 190.0,705.8 192.4,704.7 192.0,702.5 193.5,700.6 195.0,701.9 193.3,703.4 195.1,703.6 194.2,706.3 196.0,705.1 196.8,705.8 195.7,705.8 194.7,708.1
北海道|972.8,16.4 976.6,14.0 979.4,10.9 979.9,8.5 984.3,4.2 987.4,3.0 988.1,1.2 993.0,0.0 997.3,0.3 1000.0,2.7 999.7,4.5 996.8,6.4 996.9,8.0 999.1,10.1 997.4,13.4 994.4,14.3 986.9,13.8 980.8,17.1 980.2,18.6 970.9,21.0 960.4,27.8 955.3,34.0 951.3,36.7 945.3,37.6 942.6,35.6 942.5,34.2 939.3,34.5 936.9,37.5 938.8,39.3 935.5,44.1 923.2,51.9 919.2,58.9 916.8,61.0 910.6,61.5 904.3,69.7 900.0,68.5 900.3,65.5 904.4,61.9 903.3,59.9 904.1,56.9 904.9,59.4 906.5,60.4 908.2,58.0 907.1,55.3 911.3,56.6 915.6,53.5 916.5,49.6 912.4,48.0 912.1,45.2 914.3,45.1 916.5,46.8 918.3,46.3 919.8,42.5 925.2,40.0 932.1,34.5 932.8,28.8 931.3,27.4 939.0,29.3 941.1,27.9 940.8,25.5 943.1,22.3 949.6,20.4 950.3,18.4 948.6,11.9 951.4,7.9 954.2,8.3 956.3,16.3 957.9,17.9 964.3,18.4 972.8,16.4|639.6,23.5 639.2,19.8 643.3,12.8 642.8,6.6 644.6,9.4 650.2,9.2 653.3,7.5 655.0,2.8 657.5,2.1 662.8,9.5 668.6,13.3 679.5,25.9 685.2,30.6 692.8,44.1 709.4,61.6 726.7,73.1 730.1,77.0 737.1,80.4 753.9,86.6 768.2,89.6 771.0,89.1 771.4,93.5 773.0,94.7 773.5,97.0 778.9,99.4 789.5,101.1 798.0,100.2 808.9,89.9 817.5,84.0 824.5,74.7 826.2,80.1 824.4,84.1 820.7,88.3 819.9,92.4 812.8,102.7 812.6,106.1 811.2,107.9 811.5,111.3 815.3,117.9 824.9,121.6 825.1,123.3 822.4,123.7 821.9,123.0 824.8,122.4 823.6,121.9 824.2,121.2 820.2,121.2 821.2,120.1 817.8,119.2 817.8,120.7 819.0,121.6 821.6,132.5 827.1,139.7 832.3,141.3 840.1,133.6 843.6,134.1 845.7,133.1 848.4,133.9 848.1,134.9 841.5,138.5 838.7,138.2 837.1,140.6 836.2,140.2 835.6,144.1 833.0,146.4 833.8,147.5 832.6,147.9 832.1,146.2 828.1,146.3 822.0,147.3 818.1,149.3 815.3,148.8 813.8,150.1 813.9,152.7 812.4,154.9 806.8,158.8 802.0,158.6 799.9,156.8 800.9,154.7 798.2,154.1 795.6,156.2 794.4,159.0 797.0,161.8 790.0,160.7 781.1,161.2 776.8,159.5 776.5,157.8 772.1,157.5 761.2,161.3 754.9,165.5 739.0,179.9 728.7,193.8 724.8,203.3 726.1,207.7 724.9,216.0 722.3,219.2 721.9,224.0 717.6,220.5 716.3,217.8 707.8,212.1 700.6,210.7 684.2,202.7 674.0,196.2 669.9,191.8 661.7,189.5 654.0,183.0 647.8,181.0 642.1,180.7 645.3,178.8 628.3,185.9 617.2,193.5 611.1,200.8 607.6,198.7 608.6,198.0 610.1,199.4 610.1,198.2 611.4,197.9 607.0,196.6 604.7,191.0 600.2,188.6 599.9,186.3 596.7,183.4 590.5,184.4 588.1,183.1 584.8,183.2 580.1,188.4 577.3,193.5 575.4,200.2 575.9,203.8 581.4,206.1 588.6,212.3 590.7,212.7 596.6,210.9 599.2,212.2 602.2,217.2 606.5,220.4 609.0,224.5 618.3,228.4 618.3,229.8 620.2,231.6 616.6,232.6 613.7,236.3 609.4,237.3 606.0,234.9 599.9,233.3 596.3,235.4 596.4,232.7 597.0,233.8 597.6,232.9 597.1,231.4 593.3,230.7 591.4,235.3 587.7,237.9 583.7,238.8 583.4,246.9 581.9,249.2 574.5,251.4 571.6,256.5 568.9,254.7 566.1,255.3 563.2,252.6 561.0,243.7 565.3,231.4 567.8,230.4 568.3,220.9 563.0,212.4 557.9,211.2 555.9,206.6 552.6,205.7 550.7,203.4 551.0,197.6 553.3,195.2 554.5,190.9 553.1,181.6 556.7,177.5 564.0,176.6 565.4,174.5 568.7,173.0 570.9,168.4 573.9,172.0 576.8,171.4 576.8,168.3 581.0,162.5 587.5,158.3 587.7,155.8 582.9,148.9 577.8,144.1 579.5,138.3 578.8,137.1 582.7,137.4 584.4,136.4 584.6,134.8 586.2,134.7 590.4,138.5 592.8,139.3 593.3,141.3 600.0,143.8 600.8,145.7 611.8,143.0 611.6,145.9 619.0,148.8 625.2,145.5 631.9,137.5 632.1,131.8 628.7,125.7 630.0,121.6 627.3,113.0 630.1,107.9 638.7,104.7 641.8,101.0 642.2,98.5 642.9,99.5 643.0,76.6 647.8,69.4 650.1,56.3 646.7,39.3 639.6,23.5|612.6,17.4 609.4,5.7 611.5,7.6 612.8,7.1 612.7,5.9 614.4,8.2 612.6,17.4|618.4,20.5 620.8,18.3 622.6,19.9 624.5,19.9 626.7,22.1 627.2,25.1 624.9,27.7 622.3,28.2 618.0,24.3 617.4,22.9 618.4,20.5|844.9,92.1 844.7,89.6 857.0,76.0 857.7,72.5 863.7,64.6 865.9,64.2 869.7,68.5 873.8,70.2 881.8,69.8 885.8,67.9 883.7,72.6 881.5,74.2 878.8,72.8 872.1,78.9 863.0,79.7 860.8,81.6 859.6,84.7 853.6,87.6 850.6,92.8 851.4,94.7 849.6,94.0 848.2,95.0 846.6,100.2 840.3,101.6 837.3,104.0 834.9,117.1 835.0,112.6 829.5,113.4 827.9,106.1 844.9,92.1|889.2,114.4 888.2,111.0 887.5,112.4 886.2,111.8 887.3,110.3 886.2,107.9 891.8,106.4 894.2,107.2 893.1,105.5 895.5,103.7 896.8,104.7 896.2,103.6 898.0,104.1 898.0,102.8 902.4,105.4 901.7,108.0 898.8,107.8 898.2,108.6 899.3,109.1 897.3,108.9 896.2,110.9 895.4,110.4 893.2,112.4 891.7,111.7 890.7,114.1 889.2,114.4|863.1,129.4 862.6,127.4 860.3,125.5 863.8,123.9 867.6,124.8 866.2,126.6 866.9,127.6 863.1,129.4|534.7,216.2 533.3,215.0 532.5,208.3 534.1,206.0 540.0,203.8 537.3,213.5 534.7,216.2
兵庫県|308.9,610.7 308.2,615.0 311.8,619.6 317.2,618.0 317.6,619.9 317.8,626.1 314.9,627.4 312.2,626.1 311.8,632.1 318.2,635.0 318.7,636.6 320.8,634.8 323.2,635.2 323.1,637.3 325.1,638.7 324.6,640.7 325.6,641.3 328.9,640.3 329.3,642.3 332.2,642.0 334.6,643.3 335.1,646.6 331.7,649.1 332.9,649.8 332.4,653.4 338.4,655.9 336.0,656.9 337.3,657.5 335.9,662.4 338.1,667.7 334.7,671.0 333.8,671.1 335.2,669.8 333.7,670.9 331.3,668.2 324.8,670.6 324.5,672.9 318.4,674.4 313.7,673.1 307.9,668.5 306.9,669.4 306.1,667.1 305.4,667.7 302.9,665.5 298.9,665.6 298.9,664.6 298.2,665.4 298.4,664.3 297.9,665.6 296.8,664.6 296.9,665.5 296.0,664.9 294.3,666.2 294.3,665.2 294.0,666.0 292.2,664.7 289.5,666.4 289.1,663.1 289.0,665.7 287.3,665.8 286.4,668.0 283.8,666.6 282.0,668.4 282.6,665.5 281.7,663.5 279.1,661.9 279.1,658.3 280.7,657.0 278.7,655.1 280.2,651.5 279.3,649.9 281.7,648.6 281.8,646.1 283.3,645.7 284.2,642.3 286.3,642.1 285.1,637.5 286.0,636.4 288.9,636.7 291.5,634.1 291.4,629.4 289.4,627.9 289.8,625.0 287.8,623.9 286.5,619.5 286.9,616.5 284.4,613.3 287.4,613.0 292.6,609.9 296.8,611.8 298.5,610.2 298.8,611.3 303.8,609.6 307.6,611.6 308.9,610.7|304.9,686.6 309.5,680.6 315.5,675.4 316.7,677.4 310.2,687.1 310.3,691.7 313.1,696.5 302.1,701.3 300.6,699.3 301.7,697.2 298.6,698.1 299.4,697.1 298.4,694.8 300.0,692.6 302.1,692.6 304.9,686.6
千葉県|550.7,584.0 551.2,583.1 552.0,583.9 556.0,590.2 558.5,591.5 558.8,593.2 565.2,597.1 567.8,597.4 569.4,599.3 575.6,597.3 577.4,597.9 579.8,595.7 584.3,594.1 586.5,595.4 585.8,594.0 586.9,592.1 592.9,598.3 596.5,599.6 598.5,603.0 602.2,605.6 604.2,605.3 604.7,606.9 604.4,608.5 602.7,607.2 594.0,608.8 587.6,614.1 582.0,622.8 581.0,628.0 582.2,632.3 580.7,639.7 579.1,640.1 577.1,643.0 576.5,641.9 573.3,644.1 567.8,644.1 565.9,647.4 560.8,650.6 559.6,655.5 556.2,657.4 553.7,657.2 552.5,654.8 549.6,653.3 554.3,652.2 554.8,651.1 552.4,648.8 553.5,648.5 552.9,646.8 554.0,645.9 552.7,640.3 555.3,636.8 554.0,633.1 550.9,631.8 553.8,630.7 553.0,630.0 554.7,629.6 554.1,628.1 556.7,629.1 557.8,627.3 557.1,624.6 559.3,623.1 560.5,623.6 560.9,622.0 561.3,623.4 562.1,621.7 562.9,622.4 562.3,621.4 564.8,617.7 566.5,618.2 566.1,617.2 567.4,617.3 566.2,616.4 568.0,616.2 566.0,616.1 565.8,615.0 567.4,615.9 567.6,614.5 566.1,614.6 565.8,613.4 565.9,614.4 562.4,610.7 561.1,610.9 561.9,610.5 561.0,608.6 558.4,609.6 559.2,609.9 557.7,610.8 558.8,611.7 556.7,613.2 555.5,612.7 556.1,609.5 557.7,608.2 555.9,604.1 556.8,597.9 550.7,584.0
富山県|445.2,529.1 449.4,532.4 449.9,538.6 451.5,542.0 451.5,548.5 450.9,553.2 447.9,554.8 448.7,557.6 446.9,558.1 445.2,563.3 443.1,565.5 440.5,565.3 438.8,563.4 436.7,564.1 433.9,563.3 433.2,561.2 429.4,563.3 429.2,560.9 426.1,561.1 424.1,563.2 423.4,561.5 421.9,561.4 418.6,565.9 416.8,566.6 416.5,569.2 412.7,572.6 411.3,568.2 409.4,567.3 407.8,568.4 407.6,566.9 405.9,568.1 405.7,570.7 403.7,571.1 403.3,568.5 404.5,567.4 402.6,563.1 403.9,562.1 404.9,555.5 403.7,554.5 403.3,551.1 405.3,548.2 403.6,545.2 406.4,542.8 408.8,532.5 410.5,530.9 412.6,531.3 413.3,529.9 415.8,529.9 416.5,530.4 415.5,532.5 413.2,535.7 414.8,538.4 419.5,541.3 418.5,542.0 429.6,542.8 433.3,539.8 435.4,532.2 445.2,529.1
東京都|509.7,598.5 510.9,596.8 513.7,595.9 522.2,599.4 527.3,599.8 528.5,602.2 530.7,602.4 531.8,604.2 537.0,603.2 539.2,601.4 539.3,603.0 537.9,604.0 539.5,603.5 539.5,604.8 541.5,603.2 543.1,604.0 544.1,602.0 548.8,603.1 549.7,601.1 552.9,601.0 553.2,602.3 556.5,603.0 555.9,604.1 557.7,608.2 555.5,611.9 552.2,611.7 551.8,612.9 550.9,611.9 551.7,611.2 550.8,611.6 551.4,610.7 550.0,611.0 549.1,614.9 549.6,616.6 551.2,616.1 552.3,618.0 551.4,618.8 549.8,617.7 547.1,618.1 545.3,614.9 540.2,612.2 538.4,611.6 537.0,613.9 535.3,612.7 534.8,613.9 537.5,615.7 536.6,616.6 536.6,615.2 535.8,615.7 536.4,620.2 535.5,620.3 532.1,615.2 526.4,613.4 524.3,613.9 523.1,611.4 521.3,611.4 513.7,606.9 509.7,598.5|534.1,671.1 530.2,669.6 530.2,663.7 533.9,665.4 534.1,671.1|537.2,710.1 535.8,708.2 536.7,705.7 539.0,705.3 540.3,706.6 540.2,708.7 537.2,710.1|553.5,771.8 549.7,768.2 549.3,765.0 554.2,767.4 554.8,769.8 553.5,771.8
埼玉県|518.9,572.1 528.4,575.4 530.2,573.9 535.0,577.8 541.5,576.6 543.3,578.1 545.0,576.3 546.3,577.0 548.4,584.1 550.7,584.0 552.8,587.6 553.2,591.2 556.2,595.9 556.5,603.0 550.3,600.8 548.8,603.1 544.9,601.9 543.1,604.0 541.5,603.2 539.5,604.8 539.5,603.5 537.9,604.0 539.3,603.0 539.2,601.4 537.0,603.2 531.8,604.2 530.7,602.4 528.5,602.2 527.3,599.8 522.2,599.4 513.7,595.9 507.2,599.4 504.9,597.8 503.3,598.1 501.6,595.7 499.4,595.5 498.3,590.5 500.4,587.4 504.0,587.3 505.9,584.8 509.8,583.6 510.4,581.9 514.6,581.6 515.6,577.5 518.9,572.1
山口県|152.3,670.9 152.6,674.6 154.1,677.3 151.2,681.8 152.8,683.7 152.7,686.1 157.4,686.0 156.0,689.4 156.6,692.4 159.2,694.3 161.7,693.9 163.6,692.1 165.5,694.0 168.2,690.0 167.5,686.5 168.8,684.4 170.9,684.1 171.0,691.0 173.9,692.4 174.7,698.4 177.7,698.8 177.3,700.3 179.7,699.9 179.0,701.5 179.7,703.8 177.5,705.5 178.1,712.7 176.7,715.3 173.4,716.0 175.4,722.5 173.4,723.3 173.5,720.6 169.8,718.5 170.5,717.6 168.8,719.0 166.7,717.3 166.1,718.1 165.8,716.4 160.9,713.7 160.9,712.5 159.3,712.3 157.4,713.7 158.2,714.9 155.9,714.5 159.1,711.1 157.9,710.3 156.9,711.1 157.6,709.2 154.9,709.9 155.4,708.6 149.6,710.0 148.4,711.6 147.7,710.3 144.9,713.1 141.7,710.6 142.0,712.2 140.5,712.4 141.0,713.7 139.9,714.0 139.0,712.0 137.8,713.9 138.9,711.5 137.3,709.9 135.8,715.1 131.4,717.7 130.8,716.8 129.8,717.4 130.1,715.9 127.1,717.2 126.1,715.8 126.7,713.2 124.9,712.7 125.0,713.5 122.9,710.6 120.2,709.4 117.9,713.8 113.6,718.3 112.1,716.1 114.3,716.2 114.0,709.3 111.4,706.2 111.7,704.6 113.1,704.6 114.7,702.5 114.9,699.9 111.8,695.2 113.3,693.4 113.4,690.6 114.7,691.9 120.0,690.1 119.0,688.0 115.0,688.7 116.9,685.7 119.3,687.6 124.8,687.2 126.0,690.0 128.1,688.4 128.9,690.1 129.4,688.7 133.4,689.3 134.9,687.1 138.8,686.7 137.9,684.5 138.8,685.3 141.1,682.9 140.8,680.5 144.8,678.2 145.8,675.0 148.1,674.4 148.1,672.1 149.6,672.0 150.3,673.4 152.3,670.9|177.8,721.8 176.1,717.7 178.1,715.1 181.6,715.7 183.8,719.0 187.4,717.3 188.1,715.9 190.8,716.0 187.6,718.5 185.9,718.4 185.9,721.4 183.7,721.7 184.2,720.1 181.7,719.0 181.3,720.9 178.5,720.7 177.8,721.8
福島県|575.6,467.6 579.1,469.2 581.8,467.8 585.2,469.5 585.8,472.4 589.7,470.9 595.8,473.1 595.6,477.6 597.6,479.7 601.1,480.0 599.4,478.7 599.9,478.1 603.8,478.8 604.0,472.9 606.0,472.1 607.6,472.6 609.0,476.6 610.4,477.0 612.4,486.7 613.2,498.2 612.8,508.3 611.7,512.3 611.8,513.7 612.4,513.2 611.3,514.8 609.4,529.7 607.1,531.9 605.9,531.4 602.0,533.5 600.5,536.7 592.1,533.8 590.1,531.4 589.6,533.2 590.9,535.7 588.3,536.6 584.6,540.7 583.4,538.9 580.3,537.9 579.6,535.0 573.7,531.4 574.0,526.3 571.8,526.4 571.3,523.9 568.5,521.3 562.9,519.0 557.0,518.4 553.4,519.7 553.0,522.6 550.7,522.2 549.6,523.5 545.7,524.3 538.9,529.0 535.1,529.7 531.9,533.4 523.9,531.8 525.1,528.5 524.1,520.7 525.0,517.7 523.4,515.0 522.2,515.9 520.6,513.2 524.0,506.7 523.9,504.0 522.2,502.5 523.1,500.5 530.3,498.9 532.1,499.5 533.6,496.1 541.3,496.2 539.6,487.8 543.4,485.4 544.9,481.3 549.0,477.4 547.5,475.2 546.0,475.6 547.3,475.1 549.1,477.2 551.1,476.6 552.4,478.3 554.8,476.9 556.1,477.9 558.7,476.8 561.4,481.1 564.2,479.8 567.5,482.6 570.0,481.2 573.4,481.8 576.5,478.0 574.7,476.3 575.6,467.6
石川県|418.2,499.1 427.6,495.0 430.9,496.1 431.7,500.0 426.6,501.2 425.7,504.8 427.1,507.1 426.1,508.9 424.9,509.7 421.4,508.9 418.8,510.7 417.3,514.4 415.2,515.2 415.2,516.3 411.3,514.5 412.0,513.3 409.3,514.4 410.5,515.1 409.4,515.3 407.7,518.9 409.0,519.4 408.7,521.0 407.0,521.3 407.0,523.4 408.4,523.6 409.8,522.3 413.2,524.9 415.1,521.6 416.8,521.2 416.7,529.8 413.3,529.9 412.6,531.3 410.5,530.9 408.8,532.5 406.4,542.8 403.6,545.2 405.3,548.2 403.3,551.6 404.9,555.5 403.9,562.1 402.6,563.4 404.5,567.4 403.3,568.5 403.7,571.1 406.6,574.2 404.0,578.9 402.4,579.6 403.1,581.3 401.8,584.2 397.4,585.4 391.9,580.0 388.8,579.8 386.4,581.1 384.8,579.0 381.6,578.9 381.0,575.4 376.7,571.3 379.4,567.9 385.2,563.7 393.0,553.4 401.5,538.0 402.5,527.8 400.3,524.4 400.5,519.6 397.7,518.7 398.2,515.1 400.9,510.2 401.0,506.4 406.2,503.2 410.2,503.5 418.2,499.1
福井県|376.7,571.3 381.0,575.4 382.4,579.4 384.8,579.0 387.2,581.1 388.8,579.8 391.9,580.0 397.4,585.4 401.8,584.2 402.3,585.4 400.8,586.5 400.5,589.8 401.7,590.2 401.8,592.3 403.7,592.8 405.5,598.9 404.2,599.2 403.6,601.9 400.3,601.4 397.2,602.9 396.5,601.5 392.8,603.3 390.5,602.6 389.6,605.0 388.6,603.4 383.3,602.2 380.9,603.4 380.6,607.0 378.5,610.6 373.8,607.8 372.1,608.2 371.3,609.9 373.4,614.5 373.0,616.4 370.3,615.3 369.9,618.6 366.0,618.6 365.0,620.9 363.8,621.2 361.7,619.1 359.3,626.3 357.9,626.9 355.6,625.8 353.3,629.3 349.9,630.0 341.5,627.8 341.3,625.3 339.8,625.0 338.0,622.4 338.3,617.3 339.4,616.8 339.1,619.0 340.5,618.3 340.0,617.1 340.9,617.3 340.5,620.2 341.7,621.1 343.8,620.8 348.0,617.5 348.4,618.9 346.4,619.1 346.3,621.1 344.0,621.0 350.8,621.4 353.1,618.2 350.8,619.2 349.4,617.3 350.6,616.1 352.3,616.3 354.7,618.9 356.5,618.2 354.9,616.0 356.8,616.5 357.6,614.8 355.5,611.6 358.1,613.7 363.7,612.4 362.4,606.8 365.5,604.1 366.8,607.7 365.9,609.3 366.8,610.6 368.3,610.4 369.6,603.3 364.4,596.5 364.5,593.5 362.6,590.7 370.2,576.9 371.1,577.7 370.8,574.2 373.2,573.9 376.7,571.3
愛媛県|214.9,701.2 214.0,700.1 216.3,699.2 216.6,697.4 215.1,696.7 216.1,695.0 218.1,694.7 219.7,699.4 214.9,701.2|193.8,735.3 200.2,731.0 202.1,727.7 201.5,723.3 203.0,721.3 202.1,720.0 202.5,718.7 204.7,718.5 205.3,713.1 210.2,709.3 213.0,708.9 213.2,706.3 211.5,705.7 213.0,705.8 214.0,704.2 222.7,717.6 223.1,716.6 223.4,717.4 226.8,716.9 229.4,715.6 229.4,714.1 229.8,715.2 230.2,714.0 232.6,713.3 242.1,714.8 246.3,710.2 250.6,712.5 250.8,718.1 249.4,720.2 245.6,721.1 244.1,720.2 241.4,723.5 237.4,722.8 232.9,724.4 230.5,723.4 228.5,726.3 226.4,725.7 222.6,733.9 220.7,734.3 220.8,737.1 219.2,739.1 220.0,741.1 217.6,745.0 214.7,745.9 209.4,745.1 207.3,746.2 211.9,754.8 206.7,757.7 205.8,761.9 204.1,762.2 201.9,766.1 198.1,763.5 198.6,766.5 200.3,767.9 200.0,771.1 201.7,776.2 199.9,779.3 197.1,780.0 197.3,777.9 194.6,778.0 195.6,779.0 192.9,777.7 193.6,778.8 192.1,779.7 193.6,779.9 191.8,780.9 190.3,778.5 192.4,777.4 190.8,776.5 192.1,775.4 192.0,776.9 194.9,777.1 192.8,776.1 191.3,771.6 189.8,771.6 189.9,772.5 187.8,771.2 187.9,772.9 186.2,773.2 188.0,770.2 188.9,771.4 191.4,771.2 191.2,769.4 190.3,770.0 191.3,768.6 189.6,767.0 192.3,766.6 189.3,766.1 188.9,764.2 190.5,764.1 187.6,762.0 190.2,761.6 191.5,764.5 191.9,763.3 193.0,764.1 191.7,762.5 192.8,761.5 195.2,760.9 193.2,759.3 194.3,757.9 192.7,758.6 191.3,757.7 190.7,758.9 193.4,755.2 188.9,754.9 188.2,755.9 185.9,755.0 188.3,752.6 188.3,751.0 186.5,752.3 186.2,750.9 187.1,750.0 186.3,749.0 188.1,747.2 186.5,747.4 188.3,746.1 186.7,746.3 186.9,745.2 186.0,746.2 185.0,744.5 183.2,746.8 182.4,745.4 181.4,747.1 176.6,749.2 175.1,751.6 172.7,752.3 173.5,750.8 172.3,750.7 168.2,753.4 173.5,748.7 174.2,749.8 174.4,748.7 175.7,749.3 175.3,747.5 176.2,748.3 176.2,747.1 178.6,747.2 179.5,745.9 180.4,746.9 180.3,745.4 188.2,741.0 191.1,736.6 193.8,735.3
奈良県|350.5,664.7 352.6,668.1 357.2,669.4 359.3,669.2 361.0,666.2 361.0,667.3 363.5,667.2 365.4,669.3 367.4,667.4 368.1,668.9 367.3,669.4 368.9,671.2 367.8,672.7 366.7,672.0 368.3,673.7 367.1,677.2 370.3,679.3 372.4,678.5 372.9,680.9 375.3,680.4 376.0,682.5 374.8,685.3 369.4,686.1 368.1,688.7 371.1,693.4 369.4,694.4 371.1,697.4 369.3,700.9 370.3,703.1 369.6,705.6 370.5,707.9 369.3,707.8 369.8,711.4 365.6,710.7 363.9,713.4 361.1,714.1 359.4,716.1 360.2,718.0 359.5,718.7 358.0,717.9 358.4,721.6 357.2,719.4 355.2,718.7 352.7,720.0 349.2,718.9 345.9,720.8 346.1,719.2 345.0,718.6 345.8,715.8 346.8,716.0 346.7,713.5 342.0,708.3 347.2,701.3 347.3,699.4 350.3,700.1 351.4,698.9 350.6,696.6 348.6,695.6 347.5,689.3 349.2,685.1 348.8,680.6 347.5,679.3 349.0,676.9 347.5,675.4 350.5,664.7
島根県|229.1,579.6 228.9,578.6 228.2,579.1 228.9,577.9 225.9,576.5 225.8,571.8 226.9,572.3 226.5,571.0 227.9,569.3 229.8,569.3 230.8,568.1 235.9,573.0 235.1,576.8 233.6,577.5 233.8,575.7 232.0,577.2 233.3,577.4 233.6,579.1 231.0,579.0 230.7,578.0 229.1,579.6|216.8,587.2 214.2,585.6 215.8,582.5 217.1,582.9 217.6,581.1 221.4,581.0 218.8,582.9 219.7,584.4 219.0,585.8 217.2,585.0 217.1,583.0 215.9,584.1 216.8,587.2|228.9,617.4 226.6,618.8 227.8,621.5 232.7,626.1 231.3,631.5 232.2,634.7 224.4,637.7 226.5,640.8 224.2,642.6 223.8,646.6 221.6,646.0 218.5,647.0 216.4,645.0 214.4,646.6 210.6,645.0 204.4,653.8 201.3,654.3 198.8,657.1 202.1,658.5 202.0,660.9 197.9,660.9 194.1,663.9 190.0,663.5 189.0,662.3 187.1,664.9 185.9,663.5 183.2,663.5 182.3,665.0 179.5,663.2 178.5,666.7 174.0,669.3 175.6,670.8 173.3,675.1 173.8,677.0 170.0,680.8 169.4,682.0 171.0,684.1 168.8,684.4 167.5,686.5 168.2,690.0 165.5,694.0 163.6,692.1 161.7,693.9 159.2,694.3 156.6,692.4 156.0,689.4 157.4,686.0 152.7,686.1 152.8,683.7 151.2,681.8 154.1,677.3 152.6,674.6 152.3,670.9 155.1,671.2 159.9,669.2 160.9,666.4 164.8,664.1 168.0,659.4 170.3,659.2 173.1,654.1 179.2,649.1 182.8,647.8 184.0,645.2 186.6,643.3 188.2,639.5 198.5,633.5 200.8,628.1 200.7,626.5 198.4,625.5 198.6,624.4 204.6,623.6 203.4,622.3 210.2,619.6 215.2,619.5 215.3,617.7 218.2,618.0 219.7,616.5 219.2,615.6 221.6,615.6 221.3,614.0 224.3,616.7 226.4,616.5 226.3,615.5 226.5,616.2 227.6,615.4 232.0,615.7 232.9,616.3 228.9,617.4
岩手県|639.7,319.7 639.9,317.7 644.7,315.0 651.3,326.1 652.1,329.2 650.2,331.0 654.2,333.9 652.6,334.7 651.9,337.5 658.1,343.7 658.5,345.7 657.4,347.8 660.5,356.6 658.9,359.4 659.5,364.5 657.7,368.0 661.6,364.0 661.6,368.8 663.9,370.6 663.1,372.3 662.0,371.8 660.8,375.1 658.0,375.6 659.3,377.4 662.1,374.7 663.3,375.4 662.5,378.2 659.6,379.3 659.1,378.1 657.3,380.6 658.7,381.4 658.2,382.4 656.1,382.5 655.3,383.7 656.1,384.5 660.2,382.9 658.9,385.1 654.8,385.8 656.8,388.0 654.8,387.6 655.0,389.3 658.9,389.1 657.6,389.6 657.8,391.0 654.9,392.3 653.8,391.7 653.7,392.6 656.4,393.5 652.3,395.5 656.4,398.0 654.5,399.3 651.0,397.6 651.5,399.7 654.2,400.5 651.1,401.0 653.0,402.7 650.5,403.0 650.3,401.8 647.2,403.2 647.0,400.1 646.0,403.0 647.7,404.8 646.1,404.7 645.4,406.4 646.9,407.4 645.8,408.2 643.9,404.1 641.8,404.4 642.2,406.3 635.2,404.6 635.2,409.7 633.3,412.1 634.0,413.3 633.6,415.9 632.2,416.2 632.6,417.9 631.3,418.8 630.5,416.9 626.3,415.4 626.0,417.2 624.5,417.0 623.6,419.3 621.7,419.9 616.2,415.4 618.2,413.4 617.9,412.0 610.4,412.2 609.0,410.1 602.5,406.7 599.9,407.1 599.4,404.5 601.7,401.0 601.3,399.7 598.8,399.2 599.7,396.8 598.7,395.9 601.6,393.4 599.5,392.3 600.6,389.8 596.0,386.0 596.7,384.1 594.0,380.4 594.2,378.9 597.4,374.8 597.8,369.6 601.0,367.3 602.2,364.4 602.3,362.0 599.9,359.2 603.5,355.4 600.5,353.7 600.3,351.1 602.5,349.8 603.8,351.0 605.0,350.5 603.5,345.3 603.4,338.3 605.1,336.2 605.3,333.0 604.1,332.1 605.9,329.6 608.8,327.5 610.1,329.2 612.3,329.1 616.2,327.0 616.0,325.4 621.6,323.4 626.7,319.8 628.3,322.4 632.9,319.6 637.5,321.4 639.7,319.7
鳥取県|284.4,613.3 286.9,616.5 286.5,619.5 287.8,623.9 289.8,625.0 289.4,627.9 291.4,629.4 291.5,634.1 288.9,636.7 287.5,637.1 285.5,635.7 282.0,638.8 279.0,638.3 274.6,640.8 273.0,634.0 270.9,632.4 266.7,632.3 266.9,629.6 262.8,630.7 262.5,632.3 259.4,633.2 257.8,635.9 256.2,633.1 253.6,631.6 246.2,630.0 244.4,636.1 241.8,637.1 242.8,640.0 236.4,640.1 236.7,644.2 231.6,644.9 230.1,647.7 229.0,646.4 223.6,647.0 224.2,642.6 226.5,640.8 224.4,637.7 232.2,634.7 231.3,631.5 232.7,626.1 227.8,621.5 226.6,618.8 227.6,617.6 229.9,617.2 228.9,618.2 229.9,620.5 236.3,623.3 237.8,622.9 238.8,620.8 244.8,618.5 254.9,620.4 263.0,619.6 266.5,618.1 267.0,619.1 270.0,619.1 278.3,617.2 284.4,613.3
徳島県|287.8,700.1 294.3,699.2 294.9,698.2 294.9,700.4 297.8,701.8 295.9,705.6 295.1,712.2 296.0,714.0 297.4,712.3 300.9,717.5 299.4,720.4 297.1,721.7 297.9,721.2 297.8,722.6 301.4,722.3 299.7,723.4 303.1,723.1 295.8,727.5 294.7,727.1 294.1,729.4 292.9,729.2 291.6,731.4 285.6,734.2 284.0,735.9 285.3,736.2 284.1,738.3 282.5,738.6 284.0,738.8 281.5,739.1 281.6,741.0 275.6,740.0 273.5,735.8 275.2,734.6 274.7,732.5 269.0,732.0 269.5,729.8 267.7,723.5 264.2,723.1 261.9,725.8 258.2,722.5 253.7,723.0 249.6,721.0 250.8,718.1 250.3,712.2 252.4,711.6 255.2,708.1 257.1,708.5 257.9,706.9 263.1,705.8 264.8,708.4 266.0,708.4 268.6,705.7 272.2,705.6 274.7,702.0 278.9,701.6 280.8,702.5 283.4,701.5 286.5,703.3 287.8,700.1
鹿児島県|76.9,830.8 74.5,828.6 74.7,826.7 73.5,825.2 75.1,824.0 74.3,823.1 76.8,824.3 76.2,822.9 77.7,822.2 78.9,824.1 78.2,826.2 79.4,826.7 77.5,828.0 76.9,830.8|98.2,824.8 104.5,830.1 103.7,832.7 107.4,835.5 108.5,839.4 111.7,840.4 114.1,843.4 112.2,847.7 117.7,849.9 117.2,851.5 119.1,851.8 119.6,856.9 121.0,858.9 122.2,857.3 124.6,859.4 126.4,858.6 128.4,862.3 128.1,866.3 126.7,867.2 126.2,869.5 123.7,868.6 119.3,873.9 119.2,876.0 123.6,877.6 122.2,881.2 124.6,881.0 121.6,883.9 119.2,884.0 116.4,889.5 105.9,894.3 101.6,898.4 102.5,894.7 101.3,893.7 105.9,889.4 108.6,877.2 106.4,872.0 103.5,869.5 103.4,863.8 100.4,864.3 98.2,861.8 100.0,859.7 102.4,859.2 104.3,860.8 103.9,863.7 106.7,863.3 109.6,857.5 108.2,854.7 102.9,852.7 100.0,854.0 99.5,857.5 96.7,861.3 96.6,864.3 94.6,867.0 95.2,868.1 94.4,867.5 97.2,878.6 101.9,881.5 101.4,884.6 100.1,885.0 100.6,886.2 98.3,887.0 98.0,888.4 96.4,887.0 94.7,887.8 94.1,884.9 91.9,882.6 83.4,881.4 82.7,882.8 79.6,882.6 80.4,880.7 78.9,879.7 80.1,878.9 77.6,878.1 79.4,876.6 74.3,872.6 75.8,872.5 76.9,870.9 80.2,873.4 82.5,871.7 85.4,863.8 84.6,857.4 81.5,852.9 79.6,851.4 78.2,851.8 77.3,849.0 80.1,841.8 78.9,837.2 77.6,836.8 79.2,832.7 78.6,831.1 77.5,831.5 77.7,829.9 80.1,828.4 84.3,829.7 86.4,827.9 86.8,826.0 89.0,828.9 91.4,829.3 92.5,827.7 97.7,826.8 98.2,824.8|54.9,859.7 54.6,858.7 53.7,859.7 52.6,858.9 52.2,857.4 53.4,857.1 54.6,853.4 57.9,852.3 58.5,849.2 59.2,851.0 57.7,854.0 56.2,854.6 54.9,859.7|115.8,920.5 115.4,918.4 121.1,907.9 122.4,911.3 121.0,922.3 116.5,930.1 116.7,936.7 112.0,938.4 110.9,930.9 112.0,931.0 114.9,926.1 115.8,920.5
新潟県|539.5,432.0 542.0,433.9 548.1,435.5 547.3,442.0 549.6,444.0 554.3,445.0 556.8,449.2 551.2,454.3 547.6,453.4 546.1,455.7 546.6,459.1 545.6,461.4 546.6,462.7 544.8,464.1 543.3,471.2 544.9,474.6 546.0,475.6 547.5,475.2 549.0,477.4 544.9,481.3 543.4,485.4 539.6,487.8 541.3,496.2 533.6,496.1 532.1,499.5 530.3,498.9 523.5,500.2 522.2,502.5 523.9,504.0 524.0,506.7 520.6,513.2 522.2,515.9 523.4,515.0 525.0,517.7 524.4,531.5 523.7,530.3 521.4,530.1 521.0,527.9 517.3,524.2 516.9,526.7 514.8,528.6 510.8,529.2 511.5,534.6 508.7,535.1 509.0,538.2 503.7,539.2 503.7,542.4 502.1,543.6 499.0,542.4 497.8,544.1 496.2,541.7 497.5,539.7 497.3,536.7 492.3,533.2 491.1,526.6 488.5,526.0 482.7,528.0 480.1,532.8 477.9,533.2 477.5,537.3 473.7,535.9 471.4,537.4 468.9,537.1 465.8,540.2 463.4,538.6 464.8,535.4 463.9,533.8 456.8,533.1 457.1,536.1 454.9,539.7 451.5,542.3 449.0,531.3 446.8,530.9 445.2,529.1 458.7,524.2 468.2,517.1 473.9,517.4 475.8,515.1 475.5,516.6 484.7,507.9 490.5,504.5 493.6,498.0 500.0,490.6 504.6,477.6 515.9,469.1 523.8,466.5 530.8,459.6 534.7,451.4 535.0,441.7 539.5,432.0|475.3,478.4 473.4,476.8 476.6,475.3 477.3,471.1 480.1,468.4 478.1,465.8 476.7,466.0 475.8,468.3 474.5,467.4 475.2,460.8 479.2,453.9 484.8,449.8 485.8,446.4 488.6,445.7 487.5,453.6 484.6,460.8 487.0,462.3 490.9,460.8 491.5,462.3 490.1,465.7 486.4,472.5 480.7,476.7 475.3,478.4
高知県|245.6,721.1 248.7,720.2 253.7,723.0 258.2,722.5 261.9,725.8 264.2,723.1 267.7,723.5 269.5,729.8 269.0,732.0 274.7,732.5 275.2,734.6 273.5,735.8 275.6,740.0 281.2,740.5 276.4,750.3 274.9,759.6 268.1,751.8 267.7,749.2 264.1,747.3 262.9,744.6 254.8,742.8 252.8,741.4 244.7,743.7 244.5,740.5 243.8,742.7 245.2,744.1 234.1,748.9 236.7,749.1 237.4,747.5 239.4,748.7 236.9,750.1 233.8,750.0 232.6,752.7 232.8,751.3 231.1,751.1 231.1,749.6 229.9,753.6 228.3,754.7 229.7,755.5 228.6,756.4 229.8,758.7 228.7,762.5 227.2,763.4 227.8,765.2 226.3,764.3 225.3,765.4 222.0,770.2 221.5,773.2 218.8,772.3 217.4,773.7 216.5,777.6 217.3,781.9 214.4,783.5 214.5,786.2 216.9,787.8 217.9,791.7 215.2,791.3 214.5,789.2 215.4,788.4 214.2,789.1 213.7,787.8 211.0,787.6 210.4,789.1 210.1,787.6 206.7,790.2 204.9,789.9 202.6,787.1 198.7,789.3 199.3,787.8 198.5,787.2 199.9,786.9 199.3,785.7 200.8,784.4 199.9,783.7 201.9,781.6 203.1,782.0 202.5,779.2 199.9,779.3 201.7,776.2 200.0,771.1 200.3,767.9 198.6,766.5 198.1,763.5 201.9,766.1 204.1,762.2 205.8,761.9 206.7,757.7 211.9,754.8 207.3,746.2 209.4,745.1 214.7,745.9 217.6,745.0 220.0,741.1 219.2,739.1 220.8,737.1 220.7,734.3 222.6,733.9 226.4,725.7 228.5,726.3 230.5,723.4 232.9,724.4 237.4,722.8 241.4,723.5 243.4,720.5 245.6,721.1
宮崎県|143.4,788.6 146.3,789.8 147.5,788.5 153.2,788.7 154.7,784.9 156.2,784.6 160.6,785.6 160.1,790.9 162.0,790.3 160.2,792.0 160.2,793.5 159.0,792.7 157.3,795.4 156.7,794.7 155.3,796.5 156.4,797.2 155.5,799.2 152.5,801.3 152.1,804.9 153.5,804.3 154.2,805.9 152.5,807.4 150.8,806.5 150.0,809.2 151.4,809.3 151.5,808.3 151.7,809.8 150.6,810.0 152.2,810.2 150.0,811.2 149.3,815.2 147.1,818.6 141.2,841.6 142.1,841.3 141.1,842.1 140.7,847.5 142.4,849.5 141.4,855.7 140.5,856.1 141.4,858.2 137.1,863.8 137.5,868.1 136.2,869.0 136.6,871.4 134.7,873.6 134.9,875.8 133.6,873.9 130.9,874.6 130.2,871.7 126.3,869.6 126.7,867.2 128.1,866.3 127.6,859.5 126.4,858.6 124.0,859.1 122.2,857.3 121.0,858.9 119.6,856.9 119.1,851.8 117.2,851.5 117.7,849.9 112.2,847.7 114.1,843.4 111.7,840.4 108.5,839.4 107.4,835.5 103.7,832.8 103.8,831.5 105.3,829.6 109.5,830.5 113.6,828.1 117.0,828.8 119.0,825.6 123.7,826.4 123.3,823.9 120.4,820.9 120.8,818.7 122.2,819.0 123.8,816.1 122.0,814.3 121.6,811.2 119.3,809.2 119.3,802.4 120.8,800.1 123.6,800.3 124.1,796.7 125.4,794.6 127.0,794.8 127.2,792.4 129.9,790.4 131.4,785.3 135.1,784.9 136.4,786.8 141.7,784.7 143.8,786.9 143.4,788.6
神奈川県|518.9,609.8 523.1,611.4 524.9,614.1 526.4,613.4 532.1,615.2 535.5,620.3 536.4,620.2 535.8,615.7 536.6,615.2 536.6,616.6 537.5,615.7 534.6,613.5 535.3,612.7 537.0,613.9 538.4,611.6 545.3,614.9 547.1,618.1 549.8,617.7 551.4,618.8 550.7,619.8 549.5,618.4 550.2,619.7 549.5,618.9 548.6,620.4 548.2,619.4 548.5,620.4 543.6,622.5 545.0,624.0 545.7,623.5 545.8,624.6 546.5,624.2 545.5,626.4 543.6,625.9 544.3,626.4 543.1,626.8 544.8,628.3 544.9,630.2 543.2,630.8 545.0,631.0 543.7,633.0 545.0,633.8 545.6,632.7 546.5,634.8 549.3,635.6 547.8,636.0 548.2,638.2 544.8,639.8 545.9,642.7 542.6,642.6 543.4,641.2 542.0,639.2 543.4,638.0 540.9,635.6 540.5,633.1 538.9,632.2 536.0,632.9 534.1,631.6 524.6,633.3 519.8,636.4 519.3,640.2 520.4,642.6 513.9,642.0 511.3,636.7 513.4,630.9 512.6,626.6 508.4,626.0 509.4,623.6 518.1,618.1 518.9,609.8
